2340
1533
821
9395
1916
8706
6082
8993
1613
1443
7688
9532
5909
9027
3557
7825
5747
6496
7902
3994
414
7684
4971
7465
9022
1138
8685
1056
1403
4745
3324
6701
5481
5897
5420
8478
9972
8487
4419
8872
2914
7591
1291
5355
3698
4040
5824
3398
8802
5908
947
889
9594
6682
854
8320
2530
6659
9754
8366
9298
7003
3880
1429
2915
9853
3573
3758
3912
3297
3223
4832
354
1572
2100
5042
3756
9744
9542
3117
6682
4487
686
5644
961
9344
6985
1059
7160
7399
2892
1153
2141
4235
7215
7670
4443
549
5269
6822
5616
4349
683
2177
4228
6116
9903
412
7741
2902
9862
5810
9772
7161
1004
6936
8101
3159
9900
3325
9816
8754
3061
2637
3894
5804
9673
6050
5781
5187
6501
3370
8480
9267
9
812
5103
4828
7407
989
5207
7626
3652
599
5667
6529
6691
5392
8858
1127
8385
8628
5089
6790
7790
230
8290
1755
9839
5565
9141
3982
2173
6700
4390
3474
262
4555
7876
6663
9897
9498
5229
4424
5506
552
5632
1436
9653
9454
6638
8844
8955
9631
3192
1788
6298
4167
6129
568
6117
1321
5895
1933
5226
4353
3460
4090
197
3488
2822
2433
1549
9378
4094
3548
9253
6769
6646
4916
881
3711
3870
6305
176
3697
591
1599
8341
8648
4082
545
3956
9085
4203
3859
6320
7482
3450
8205
8572
588
7798
702
2851
9164
1577
8954
5600
6788
2769
9503
7733
7912
3279
3596
6837
5100
6721
9012
7387
836
5841
5725
862
7382
7113
4131
3002
2236
6579
621
7853
5525
510
6095
4499
4780
2513
3394
3222
2988
7396
7674
2966
8949
7698
9911
5552
7174
3417
7374
7517
4816
2358
3279
8816
1065
7859
3675
6942
3126
2541
908
7382
8595
7491
5638
7695
5344
3936
8396
9926
3168
4732
9043
7458
568
6425
1712
8754
8931
3871
9472
9771
8958
1754
8492
7288
7180
1317
9342
7040
227
4427
1688
1763
4925
6177
3168
3214
6223
5774
8196
4326
9014
2641
4371
8358
2381
5969
122
6091
9294
3634
9450
1133
2274
4552
5100
1992
2407
1885
1028
9107
5368
196
692
546
5069
8447
6483
1705
6876
6292
3711
9417
494
9403
7159
8158
2489
1379
821
7421
8723
7301
6643
1965
352
5278
9711
4325
3026
621
8348
9283
8459
7847
2533
9972
8123
4222
7173
732
799
9993
3756
9283
4316
7217
4193
1003
8493
1257
5982
2713
8988
5951
91
7483
9645
1957
7650
5369
9823
7515
2365
121
6081
5809
8359
7553
9517
3381
6998
984
4372
2301
5105
9737
3427
8407
8303
9152
1010
1143
8797
463
6505
2606
3713
5858
6144
6035
176
1461
8376
6349
5620
4499
6049
6263
5430
7058
7612
2671
2476
6859
8417
3285
7409
3149
4861
9392
3613
3982
3180
6597
6792
7321
3385
6555
1376
8383
8542
6544
5794
5869
520
3899
7547
5934
6511
6430
6178
3575
211
7356
9833
8299
6711
9441
9566
8042
6017
1765
2751
4593
305
2782
9966
6707
7271
6560
1830
3825
950
8550
358
2190
7654
8204
9141
8820
8838
8361
9787
9746
7117
1870
7509
576
2974
5257
8902
3513
1488
4462
1507
1004
2221
1353
6975
9063
8106
567
5157
4253
5877
5398
7962
2767
9826
5852
6546
6926
8909
2539
8970
3741
9515
1491
7104
645
8368
590
2985
8504
6705
5108
9995
2315
7456
9596
4539
7736
2351
7029
6083
2118
8650
1068
6163
2034
5275
9393
1019
6114
3206
683
2443
8252
4770
3302
9726
2476
4891
172
8709
7450
1179
4825
9788
8663
4110
7368
8397
5326
453
3070
5714
4541
199
6134
6522
4913
915
2249
7227
7712
4319
2121
6457
523
9788
4620
9874
2326
4662
3611
7923
735
2542
774
3736
6919
9169
7334
807
5801
6052
8372
5331
4829
9525
3376
9905
2363
97
2114
7627
6523
3711
9874
9409
88
6017
9040
3964
2522
6838
5525
3821
8856
9159
4378
1247
6736
9327
8397
6462
3805
4900
9224
3031
3234
138
9763
5970
1922
8761
5757
3896
4032
271
4433
4937
8273
7624
4356
6067
8706
8674
2173
2225
694
9716
8469
8751
4201
3611
14
1698
2070
552
8357
8006
4157
566
5837
5132
3185
2939
6711
7988
2226
2665
1708
420
6705
2743
4930
357
4143
3494
5038
2290
2716
6775
8134
9423
739
5614
6412
3136
9794
3511
9636
5685
8601
353
3593
1095
8422
954
9634
5485
8179
8832
2756
2703
6982
2184
6342
7822
8317
8810
4777
1187
3339
6134
2535
247
2584
574
767
2329
8800
9141
364
2819
4941
1410
9262
1895
2011
3907
6222
900
571
6935
5253
9846
3915
4672
2618
8861
3525
1611
2268
4908
316
3452
3258
2974
8534
3441
2633
2662
2206
4747
8804
7545
38
8012
7590
8205
4982
2093
6663
8093
5645
5259
5041
323
1734
3639
2746
9200
7518
2993
5431
5989
8217
2204
3322
5438
1064
486
5426
1171
7803
3343
2460
3738
7581
9995
7455
7878
1943
4786
3526
3086
3486
237
2704
991
9282
8346
5294
5765
8326
8247
8027
9309
211
8600
521
3438
2551
6869
8635
541
4450
280
1841
103
1356
2020
8587
5609
8346
9200
2308
8510
2485
4010
2189
5020
7422
1121
4753
5338
7542
5893
1296
715
1758
9936
3860
329
4652
3245
2407
255
5523
2998
7557
7346
7515
5747
4598
9215
3803
5500
1712
2644
1478
1750
184
7550
8427
6373
708
524
4100
7492
8052
9368
1180
691
4919
9516
6823
978
6769
3549
457
357
7624
911
5871
7087
1371
6434
6109
6797
4988
4363
2619
4418
1599
6643
7655
4196
915
3015
6138
4544
554
9412
8093
9458
6147
2862
251
8566
3885
6545
4783
5135
2948
4491
810
3626
7336
3942
8365
7202
2667
2262
5983
4532
2032
7654
3533
6753
6629
8744
6917
2252
7756
108
2811
5773
5494
1874
8191
8413
6249
8809
6923
6470
1270
7439
5204
541
1744
1241
8297
607
9846
9659
5994
1613
3474
6055
6967
8861
1663
3483
691
2783
2384
8030
5058
6546
4188
3501
6741
4183
2763
155
660
7795
7673
7187
4451
4845
1606
9841
4746
6260
3529
3023
7986
9749
5992
6408
4765
2716
6940
9331
3146
6027
2251
2941
1077
8076
6274
7582
7690
2312
8943
4714
6159
1523
7710
5007
4249
1378
2001
856
8825
5593
9779
6019
6106
1161
7592
3625
5544
5862
2939
7370
1336
2472
5286
2166
925
9648
9862
659
1496
6684
702
2624
6744
1210
4725
7641
2790
8164
6203
9855
9238
8975
5702
9401
4954
5372
6350
4082
8125
769
254
2013
8620
6957
8835
5805
7978
1650
3143
1389
3452
2413
8540
4856
8006
6251
6362
498
2976
8092
8183
3166
2520
1204
3196
4121
6720
4639
7096
7104
3855
5057
5528
3994
6072
7422
9620
228
6650
7802
4998
3350
1275
8590
6012
9583
870
555
7254
5129
8641
1742
1314
857
6652
2337
4916
7194
4558
994
1642
1478
3720
2671
2382
6012
7568
1128
9534
8380
3669
2054
1562
1784
8871
3309
7483
8301
4400
5398
2463
1641
1072
8629
8370
8210
1084
2994
6550
9604
9261
2835
4028
4704
8188
598
7910
2286
5419
9060
1933
4486
9477
2056
5885
4770
5798
9796
9557
2077
6040
8910
418
8198
343
3520
352
2391
1773
4855
8903
2245
2496
7847
3629
9031
2356
8405
595
6875
6916
9291
2348
9372
4397
5681
5956
1500
3937
8452
8478
2114
5476
1934
4498
8767
7390
2457
2452
1457
5785
370
7597
4190
7772
1925
6072
5249
2293
5075
1923
3195
5796
7656
8141
7989
3065
3527
2334
8212
608
1267
9292
8383
7614
7976
982
9659
2350
1911
9271
2072
9747
9338
9863
4762
7901
3885
7449
9889
6218
6057
794
9424
8328
7515
4912
4603
915
8028
7491
6208
3746
6230
8370
6208
7126
3355
4982
8569
4251
1809
193
9131
3010
6169
6699
2696
9308
1712
7431
3395
372
1631
117
1037
8527
2115
1249
6898
775
5081
9471
9747
8376
2580
3292
8735
6529
5477
3122
2942
3386
1233
3486
3328
6837
832
1416
9786
9011
8521
6714
2840
132
3342
6250
1837
5320
6247
3336
9467
8374
5566
7699
5506
8199
7931
284
3008
2285
6169
5026
9094
3244
6910
8119
8060
5107
9127
5734
1718
7071
8167
5236
755
8523
6221
4349
3917
4517
1036
3336
5798
6914
2786
9826
1842
8058
5892
3102
3352
7237
2177
5541
2570
8225
2090
6488
9578
5942
890
1214
403
3996
1583
1858
5076
3500
2038
6361
1157
1406
3823
9088
9970
8169
7774
8014
671
1045
6347
5639
5537
7638
3941
838
3022
1068
5038
7183
1802
199
4482
1334
8645
6089
9709
7028
1451
8268
3915
1149
7053
4993
2182
4511
4495
1460
6783
7824
6323
7565
4385
4296
1289
4496
5902
5060
7671
2630
4802
5412
866
8785
7927
9765
1080
2618
4202
5192
8619
7922
1584
3396
4351
426
112
8545
7055
2381
2185
3928
3577
2182
8292
6333
8032
8844
5118
8639
597
8257
5381
3443
314
9238
2401
9997
6377
1926
8159
5924
4258
7503
2792
566
5599
3178
9498
6551
3145
332
4645
6789
3266
1270
4855
1933
610
3060
155
6622
4575
2670
2485
6374
9309
7034
4658
3592
1703
9954
8072
7054
2173
824
7464
9631
394
3695
5400
2868
9220
3024
8834
3109
5491
6353
3789
4630
3095
9932
4577
2938
5583
3539
6646
5888
4852
6376
658
916
4301
2041
8687
3100
5931
7483
2667
1709
8819
2252
691
2250
3312
3277
8049
2221
6075
1416
678
1010
3052
7423
408
2694
6713
113
6584
9118
3002
4425
5002
6549
8544
6978
6371
1188
5932
8265
28
4456
39
750
8619
9085
1449
1494
9042
6097
7941
4718
5480
8351
4164
4851
6320
2167
8256
6446
4325
9980
7242
8606
2775
678
4639
4715
9651
8266
7906
5571
4183
9248
6761
4645
8664
8139
6096
7251
542
8581
4454
8472
4931
6771
6206
2817
9197
200
1158
3121
8001
5799
7984
4534
7746
3034
6485
9993
2108
712
9305
598
9034
6391
1105
5074
1460
7758
5669
3706
8479
2875
1009
2911
2270
8325
9687
8725
3441
7705
3705
5766
8474
5299
4529
3421
9676
8585
3436
2493
6544
3770
4574
1977
6481
569
7975
3269
2184
7075
9986
7572
5505
3355
4484
6254
8544
6582
4932
8223
9318
6654
6601
6433
9939
2467
1866
8438
5048
7106
5940
5903
2355
7345
9514
1172
3845
4949
6151
8063
1715
4370
4591
666
1516
5254
395
8540
4148
7950
3123
7860
2089
587
4611
4936
5389
1341
5415
2674
3337
8556
3992
6198
8246
4476
787
2781
8784
4914
8259
5685
4773
7399
1560
7295
1908
9054
5672
5077
1841
895
8163
8920
6738
3140
8645
9369
9006
5819
4552
8652
2648
8972
2324
383
2824
3195
5642
6013
4138
767
8353
2568
5899
6977
8298
8290
2232
4313
4540
5171
164
2147
3550
8990
1846
3784
215
2118
6821
3843
6739
2544
2147
3068
2819
9819
5909
7179
6382
1522
2234
1362
6180
8844
2490
2239
6873
6372
6802
7147
4895
4912
8717
2367
8116
5053
7938
5768
4321
2095
5070
7392
4053
3411
4216
7377
3876
3453
6022
211
6359
4179
4666
3824
8558
846
5706
9746
6226
8554
409
760
2399
4082
3125
2126
3874
5627
9521
1711
5853
8670
4753
5655
3514
8381
8377
5234
9237
5345
4306
1149
2910
5146
8923
3126
9380
9268
5360
7906
3135
2422
8958
749
3050
9937
1778
1631
2570
322
2439
9488
8644
4296
5207
4802
5050
5327
2657
4526
7296
4969
8007
4470
3606
9673
8307
7037
1513
6676
4314
4818
1304
6926
2871
849
7398
4475
7492
3427
2065
7190
6362
9538
3444
618
8747
7604
3385
89
9622
3826
2574
4481
1562
5612
541
8885
8592
3670
1881
6713
5661
340
3213
2804
8824
7758
1282
7710
5958
5880
5902
707
6442
6618
967
9475
4759
7178
3761
415
6219
2506
2142
6072
723
3120
1194
131
5303
1578
8277
6869
1926
4914
2146
121
7222
3369
7810
4774
3835
827
1273
1003
8165
1478
835
4795
1365
8835
2053
6191
7320
3889
6164
2167
7515
9419
5083
8808
884
6035
269
4736
7707
2353
9612
2320
9705
9986
317
7228
2182
3600
7387
1377
3315
3364
6258
8377
1757
6309
4926
5191
4619
4014
5987
5404
9249
7839
6597
1155
6189
6943
9632
8175
3781
2430
5482
6582
1257
1715
7964
5570
5557
8409
1411
2448
5073
5988
3023
2495
2325
2082
9732
7794
7377
7344
6893
6994
7829
3553
3298
3645
8634
2857
7934
6881
3569
8215
9193
9001
1422
8185
7853
6622
2046
7625
7007
2162
1523
5006
4140
120
9681
4010
8339
1468
4789
3492
3566
4194
9824
6916
5224
2349
7583
3789
9785
2759
9016
3507
8482
186
4923
5519
8265
898
9452
9665
8109
5595
4993
2387
7418
2911
5534
1559
6926
2726
440
3458
8705
3125
6693
6327
9904
2511
6635
2753
1189
5755
4684
3448
758
6327
9755
6370
2617
1106
9776
2250
5092
155
2655
6799
8439
2744
5991
6125
2423
8073
1451
1552
517
897
9309
3565
7642
3124
3698
9871
328
8040
5953
6123
2474
8557
7348
9320
2141
2453
6119
3757
8452
4147
7080
9747
2441
4149
1751
9260
2251
1170
488
3557
916
499
8775
3720
4374
2904
787
7005
3079
2528
2405
9153
5292
6985
9558
7662
5291
9196
9913
6476
7929
6028
3082
9215
1674
8740
7452
6247
6849
836
1627
7363
3985
4287
8151
9316
4248
8424
9330
5037
5468
3291
8953
6270
5420
2624
5066
2768
9945
6529
2353
2073
1926
4324
1411
4309
8477
1809
8865
9264
1069
8862
5763
8361
2400
2292
157
8097
620
5134
3343
2005
1235
3512
3158
7572
15
813
4301
638
8538
6293
3008
9950
2541
6537
2375
1262
2446
5231
6631
8650
999
8344
7943
7071
1864
8963
4163
1735
6506
3359
2005
3445
2589
3774
1507
9019
29
6693
2381
2683
3321
2819
5169
6979
963
3868
9457
7532
5669
2557
1341
7636
1866
4568
8197
7478
4869
586
5897
4196
9598
8325
7820
8622
6499
5352
1942
2910
1789
8829
8500
6354
3553
2773
4199
5786
9610
4926
3375
1416
6679
3625
8711
4873
9816
789
8931
6680
4354
5961
2371
7845
7771
2400
7362
194
8679
3285
1698
1491
1155
7579
2397
7855
5790
141
4480
473
2891
1966
1607
607
6688
5001
558
3829
1690
4140
8232
894
6452
9119
1889
1027
7067
736
7947
713
3113
8291
4667
1966
3582
1291
428
9531
7097
3925
187
2728
7763
6265
7692
2325
7985
1820
5692
416
857
6245
5319
9714
8727
3664
7760
4430
5841
5595
1367
9872
5352
7691
1556
358
1477
4864
1252
3292
9073
5644
3720
9146
483
8934
7503
641
6021
9360
6624
1098
1616
3662
9218
64
3856
9051
8977
1585
9825
2581
868
4480
4496
1205
1633
7065
6131
8190
8398
594
6364
438
7307
2886
3643
7866
6412
6755
3994
5790
8403
2697
169
9436
8934
2307
9736
5622
2229
7372
3871
7761
8408
4668
6646
9568
3158
8497
8798
3998
4656
1337
2477
9452
7975
4711
5953
2202
2585
9569
1703
7760
4949
857
5096
2147
7491
4511
4021
4095
3060
2728
512
5421
2934
7174
5926
4207
5594
1880
6535
2792
5911
9669
3053
2088
7456
4384
2281
6368
2631
9461
5702
2790
7471
6538
8805
4247
7852
2021
7997
458
7962
7006
6613
1657
9904
9157
2982
4571
7441
3810
4703
6563
9776
2951
530
1932
272
968
5685
9451
2975
7149
7687
8500
1241
3996
3647
6642
284
4590
4050
3808
507
3670
9926
1900
6505
2229
3643
3911
9433
9844
1920
3083
7595
8973
7385
9789
6603
8109
2313
5035
1382
6947
2146
2057
9902
926
3097
3766
6040
1997
5820
1828
8789
3942
8668
9187
7616
5994
9616
7086
8545
272
731
7874
1
2203
5452
3084
5077
8479
3603
3676
897
93
2968
4072
1557
2678
8954
5618
9021
1782
9901
5902
964
5244
8038
7831
4308
5595
8631
3013
3933
7206
7607
2734
3984
7576
2280
1843
3741
3916
2969
3255
4209
2110
3065
2803
2384
1088
6065
3558
2619
542
2876
3361
1289
2595
4939
5059
3024
1195
3360
1914
5685
8150
346
3943
899
1727
1324
2512
9725
28
1999
9603
7763
7562
9639
1814
7489
5561
1588
1594
6153
1800
2086
464
1167
3127
2294
870
3434
5703
5357
5068
3511
993
911
5064
3803
2198
4664
2533
3687
9952
1177
6014
4496
6580
7259
9805
3591
6702
2739
9812
6675
739
4890
8031
2696
7171
8471
5047
8142
9649
3914
6407
722
7022
1224
9155
7303
7908
2614
3441
3055
6479
978
1874
846
3805
3302
9487
9380
4992
2854
9740
2241
9622
7161
2573
8901
6933
4711
8116
98
4058
4735
3396
5181
8721
4426
1424
1482
3929
4101
4972
5131
7625
7461
3356
902
5005
8532
7763
7839
4190
8726
4476
9907
561
1076
4985
7940
2666
8592
7665
3715
1762
2798
6263
6560
6149
649
9678
4264
2125
3991
6957
1741
608
1439
3610
6580
2903
1766
3683
7528
3900
9787
1728
9898
2580
5487
2434
1058
2588
2225
5252
1191
320
7567
7348
5447
9570
7615
1355
8565
9504
9210
9087
6186
3995
4972
5672
2841
4673
6685
8043
6016
8510
5806
2409
7761
5653
2460
2734
5775
5843
6754
9641
5537
1946
5093
5245
1547
3151
5039
5520
8722
8256
3127
3086
7805
5494
6951
6157
3760
4723
5693
994
2790
9700
2367
9579
4842
8130
5811
809
2566
8365
3169
6657
8321
2812
1852
8026
9049
3523
2841
6817
3074
3820
8580
5764
4881
2910
8230
4201
9918
3693
4775
4416
374
7005
1754
4336
7361
5124
3981
2921
1806
7059
7545
3907
5663
4139
7056
6718
6920
7035
7292
8951
2951
3900
5695
1502
611
548
4095
6628
7263
7362
8070
6993
5545
8139
5545
2936
4936
4839
691
9144
6876
2981
43
2849
3918
4836
8057
3663
822
7540
5852
175
1416
5498
4524
3232
2015
1824
3249
3155
1010
3156
6761
2222
4593
8395
9616
9596
1049
3775
7243
166
7167
9606
9832
9756
7687
5311
1927
9173
1832
5836
6264
9713
4147
7991
7883
3327
4771
128
3464
6357
7794
3001
9741
155
5184
9041
8141
7968
4089
3251
6067
5897
6704
8930
636
1966
6681
1334
9260
6039
8465
3568
6046
8738
5947
4164
8466
7800
7443
847
5402
8756
5594
6071
705
6503
2642
5621
471
6648
3432
7976
1675
423
4639
8964
2804
4957
2158
1182
4316
1681
8920
9821
2143
7055
1006
2234
7304
8541
2328
8413
4359
4819
6419
62
3763
6626
3983
6609
1020
8778
7047
1205
4781
701
4455
3371
1824
4922
409
756
5292
101
1609
917
5318
5415
4883
7888
14
623
784
4867
5209
8763
6979
9512
9913
2094
3585
9499
3340
9346
8028
7479
8553
3254
5561
7544
6671
8421
2855
582
4673
3233
7295
8036
6735
7980
4214
9950
3866
6314
518
8831
9042
6437
1881
4469
7876
9457
7391
3287
4190
7723
5845
4780
766
6907
7627
2077
6134
7087
1171
7271
5479
1387
4158
3647
4631
8804
2323
7610
4524
4353
5463
1221
2824
9212
7995
3529
8850
5342
8432
7505
1551
6349
6303
3657
8787
3333
2497
4833
8558
3952
1072
5108
5326
6861
1539
1018
5565
4317
1597
6529
901
8703
5960
4302
365
9959
1007
2716
9582
9377
6603
2238
49
1062
7270
6952
7989
4569
174
8556
1724
5884
3388
1385
1866
7149
7783
759
9432
6979
300
7422
2281
4134
481
1502
52
1379
3017
4601
3721
3780
1571
3036
5792
7757
2578
2140
1584
50
8816
1117
4474
7961
5070
2486
4819
3941
5019
1186
3902
7103
5221
1218
2199
7233
4391
4505
8478
9492
535
2501
8159
5383
991
2079
2572
3155
8365
9200
8000
3265
8044
432
4902
9732
4374
7710
8719
8430
6746
1852
4924
9781
5396
7060
9419
7908
7511
345
840
4978
7533
8465
7406
2848
9834
2180
2431
3359
8361
5456
7100
231
8063
4595
1205
9989
7013
3719
2261
4873
3322
1254
119
5170
5563
9825
1184
6382
8022
8674
7656
6371
5331
5286
2714
8217
3527
6367
8451
2522
9066
6304
9992
5914
3894
5195
1465
7936
7626
590
7887
3622
3241
5965
468
6701
7417
7446
1088
675
9144
4583
8463
287
8982
1089
4804
1642
1830
7932
9131
5253
4902
6548
1738
6123
5518
5798
2418
244
219
37
5699
390
8450
9691
7520
9121
391
2514
6297
1330
2432
3252
3674
2360
7516
4826
4349
1859
5359
5900
7293
7037
4367
9071
9484
9057
4347
7092
455
7071
7710
4088
932
5234
5999
7982
8925
5733
6825
9941
558
9123
3237
9296
5110
3818
5794
1727
3438
2139
1770
1383
409
9271
5426
3076
8808
9753
3299
3186
8490
9196
2507
2969
9881
2050
5189
4867
6212
1109
3358
6171
779
2783
3841
6534
3225
8823
965
858
4906
4197
7572
3040
7066
8857
626
4412
877
2024
3767
4703
4640
1048
1277
3987
9827
8722
2109
4320
3733
560
8284
636
8375
8921
2149
7816
4807
1478
1673
8617
8303
6443
6890
9428
2397
2163
6747
9377
8256
1800
2306
5255
2032
8703
5818
5815
2517
7047
8232
7878
8927
1694
1600
497
5136
1088
2453
2908
5477
7306
5177
1367
916
2821
1318
9376
2156
8334
5494
3028
5787
9865
7663
2440
5233
3796
3214
1886
8098
2424
1916
5863
2728
4057
6868
5969
6537
3650
7221
5094
6403
7200
5854
2650
9550
5489
7347
6700
9554
217
7901
7273
2246
3269
4816
7746
782
8249
6509
8124
4500
7813
1185
9965
3756
5315
4381
4005
2256
1055
956
5263
2168
6271
9642
2776
7083
6159
6770
5717
2297
6485
4649
4882
164
2195
30
2666
7224
7652
4216
2888
1946
6815
7682
8679
4141
8660
4971
3608
7814
3910
920
6955
2848
3199
7600
7262
3905
1244
7720
9026
1902
9110
9882
4465
3762
7374
5178
2086
2013
2435
3714
4829
6587
1231
5147
7705
5559
8483
9370
710
6672
5763
3805
4654
7247
9744
9869
7568
7027
2514
3662
5388
5153
4314
6824
3607
2077
6409
3027
8788
9131
4370
3878
6995
2135
4273
6936
9445
4113
5737
1196
1421
4845
959
7484
3357
1172
8412
1090
2535
42
4749
3589
9034
8478
3561
3125
6572
6710
3957
1906
4543
1722
1516
446
9732
6016
19
8510
5005
2947
4103
8855
4894
6120
9306
939
563
1842
1509
9906
9638
9820
1926
3951
6301
1663
4230
2615
9587
9969
6567
6027
7308
5545
2786
7242
5427
9083
575
9862
54
5688
9170
5287
8925
2833
3933
8662
1276
3432
9343
936
2183
7591
4617
2454
8796
1404
7122
7734
2689
164
5866
3016
3108
9087
5628
3119
8071
7992
6664
3042
1099
10
1159
7380
4773
3155
975
6785
5414
15
5839
8419
8404
7937
5225
2598
8415
2384
4972
1776
7100
9551
1816
7596
4338
5879
8565
6955
1170
208
9765
0
7463
7091
8178
6051
6057
6445
5477
1194
447
3898
7175
688
6872
7415
4898
7952
3595
3663
7588
2606
1453
2804
7651
1736
7015
8206
9746
2370
9918
8334
9629
4025
6112
6897
4391
3530
2863
5618
6236
5933
3271
3117
1469
7721
4071
9601
3904
1871
9979
5986
1791
731
3727
577
8277
7639
2722
7505
3755
8168
8627
4884
7107
4383
9719
4536
8778
1564
8542
6063
3734
3189
8549
5950
713
4208
667
2791
4358
6704
5276
5510
3849
7902
3163
4439
3687
9016
3368
4670
5960
8143
2369
7358
6791
9986
2134
1995
9518
2673
1628
1130
9220
1345
4326
3152
8515
7434
3833
7255
3333
2720
854
5510
9480
8133
4049
5337
5260
2304
3501
560
4313
3649
2855
7423
7818
4708
9000
1515
5611
1120
2459
6667
8270
1420
3647
3979
5218
9788
5620
2831
4114
5013
9165
4352
7814
8064
9735
3398
2485
8317
1790
6970
8474
2950
1627
8588
7638
7782
7157
7149
6607
7305
537
8151
5243
7377
9655
5166
6358
9503
573
1367
8156
4229
5858
8978
2542
4763
7212
20
5343
8024
1206
4033
4733
5517
4110
4916
2640
2541
9518
8154
2311
3602
9850
8581
2690
8355
1336
2755
5826
8902
3548
4656
6583
1986
9195
3364
8038
8686
6326
432
3604
5247
3191
9952
6623
4203
1265
1978
7630
7448
5603
4782
3772
6358
1137
4293
9448
855
9076
2901
2645
2805
2389
448
9638
1609
9737
2693
7195
7425
2868
7076
2596
4893
9723
1394
1370
4117
7167
6611
7297
5342
9079
4962
2999
4210
8729
1189
4731
6171
8676
9790
5720
6200
9560
9648
153
6025
3616
5197
7025
8903
7388
411
1956
3599
5953
1669
1984
3754
2659
236
5686
8103
6079
9782
6838
372
6591
9611
5416
2438
8792
9780
8941
2375
481
9081
4993
671
5400
2707
9216
543
819
8590
8485
471
3584
9421
2460
2478
5981
1542
2025
6168
3409
5351
7535
3583
6459
2107
5264
9074
1841
2801
4512
3525
2700
4564
1919
1355
6887
8621
6508
9885
9587
907
5874
5375
8828
271
7070
1829
106
5217
6621
6163
1721
4100
8210
3313
3104
8650
2072
5516
5600
9465
3051
3818
2754
5395
5300
6532
6894
9857
7433
3667
2955
6024
2358
5440
9347
4066
4001
7739
496
254
3429
4251
8612
9590
537
2694
6219
4460
1483
5572
4580
3524
9925
2285
627
5408
5624
8286
5317
2720
3943
676
6044
7825
2712
4059
5799
6520
5215
8035
5002
6078
964
9719
5368
1594
1155
390
4489
4878
3936
2642
1709
88
5626
5207
4149
5362
2865
2530
2390
4623
7511
1939
1970
8105
7717
4248
4855
9073
5963
6761
9649
1799
8794
2267
943
2458
5349
3636
541
1366
7517
9334
4871
2002
9855
7241
3716
2879
3412
7152
4658
6455
4078
9192
1897
674
9213
5280
1625
9604
9481
9238
6375
9322
1356
334
513
6414
5266
3432
8670
8272
5146
3326
9677
4076
9109
7095
4871
9304
7657
300
4581
4113
7102
1438
8648
102
5591
7886
4498
9650
4754
7457
4361
7325
6000
4503
2203
53
5542
8685
1154
4269
498
8130
1980
530
8352
745
8517
779
5725
8247
6033
6136
2035
4812
2185
1450
677
5990
6379
8579
7229
5236
9311
8011
0
8644
424
2666
9840
4670
9215
4960
9945
8755
4774
1179
9769
9850
1451
8958
4493
6379
5574
7337
1676
7916
8823
2501
2479
1752
3414
9559
2924
3070
2696
7678
3384
906
1483
6176
6951
1588
6067
5893
7948
2462
4686
1707
6822
133
8325
2278
2043
9733
8234
7825
2093
947
9131
6646
503
4571
2783
4344
7851
456
6419
4963
5701
2240
2064
9089
2046
628
5003
2642
7836
489
5800
5389
5333
2466
450
1320
8007
7836
3550
6871
7385
1299
3647
626
6035
6076
6640
3942
822
3280
6312
8691
9147
4266
1120
8218
7635
9770
2075
83
7961
4205
7922
2413
7806
2385
6781
7381
3948
4352
8913
7459
7322
9720
1718
1419
8372
4179
7557
4048
1313
1344
9220
800
1717
2925
9599
9800
983
3432
5147
1027
5133
4585
8951
7814
2321
5292
2335
4542
9742
1876
7675
5399
6216
1648
1466
5890
7605
679
9046
4800
4467
6419
3892
6515
3273
2616
1780
9437
2469
4103
2302
4334
8723
1976
4040
3940
7969
2063
2904
3516
2237
1704
7915
7032
2232
2163
7961
3701
2171
2241
5506
7092
3215
3135
6459
8275
3878
7458
8291
3593
5180
4873
4592
2571
1372
2558
1653
8021
7904
7038
7180
243
8302
3164
5518
9013
9227
4549
4491
728
2135
1278
9373
2183
6405
2242
4562
7995
3459
439
9798
7005
2790
6006
186
8328
693
5128
8103
1339
9894
2745
7582
3894
1370
3091
8046
8850
8611
8874
1409
7842
4677
4539
9423
9587
1211
8257
3863
6045
7653
2425
1787
1815
3875
5969
566
9489
6847
6568
4423
167
8230
7700
9350
8157
5004
991
8131
5741
7370
4111
7917
2637
8458
333
5928
697
2955
4577
8795
6021
8376
7236
4054
6568
9798
3962
6341
5872
6568
4988
4123
5945
7520
4091
8405
315
1820
8551
3802
882
5077
2070
2571
1854
7864
1831
8755
697
5693
8272
2524
7909
1244
4625
2660
1320
3545
9711
1992
5110
2628
6509
1190
1731
1746
4449
6502
3259
9532
4414
4699
6947
5015
4827
4375
749
5818
1432
5858
3157
5312
3811
9762
2961
8278
468
7767
9048
7214
8907
3471
2349
3512
8815
8750
3480
3108
6106
9972
9832
823
4216
2654
4218
2918
7073
7622
6380
6787
5272
9357
6761
8965
165
3125
5265
5648
9963
915
5174
4080
3821
3336
3935
3660
5329
5118
4494
5728
2356
3045
9604
4426
8225
9308
1114
4882
3018
1906
3751
4798
5689
1642
4943
3799
9897
8729
1140
7879
248
1477
1878
2528
6643
9079
9149
3884
1397
5028
3446
1914
7792
5335
4241
1531
6982
9217
5619
9558
7466
9294
2891
8250
11
1685
1476
6944
9846
4857
5587
9264
9291
7895
4556
8749
91
2244
2993
1605
2120
6571
2654
1336
6397
3800
2136
5022
4166
4144
1479
2177
8361
3635
413
5871
733
7510
6905
8617
8193
5280
7675
7713
8135
3832
9021
5283
6508
4113
4313
5416
7871
917
8741
512
5643
5798
8270
6758
4962
5687
1461
4329
7031
9237
7968
2862
6832
9778
926
8192
347
5629
2524
2298
4547
2869
1090
5310
8463
5715
2933
894
309
1971
1120
1228
6809
2781
2943
790
5358
3394
6305
6867
3724
9342
9278
7410
1582
4320
510
652
1393
5992
7319
9144
6546
9550
3943
6914
5402
480
5234
1174
6758
2079
3903
9424
9907
778
1867
7381
1656
1527
2284
7964
4692
7945
5312
6103
9183
834
3703
7244
2208
6170
5777
4653
9691
5790
2980
985
3715
8476
6207
5075
9128
6562
4196
3565
7319
348
4340
5601
4570
8648
5451
5081
6466
8936
5110
5856
7735
9381
2733
4383
1386
4131
7670
9855
9907
9997
485
143
7436
9767
4636
5369
9480
2630
9284
3894
5379
7028
869
8453
3672
283
8899
8489
6923
161
8412
8793
7907
2443
5825
8612
5407
8273
2300
1751
63
8048
8797
4906
332
8677
1541
3206
392
4190
4679
7641
3310
5375
6666
7560
2437
3272
3636
6864
6725
1768
5195
1059
7823
6751
3078
295
9244
5885
4588
7534
6745
9760
8650
5351
1416
8056
6425
8362
944
9191
3222
8368
4226
6344
1908
8673
4622
7913
7877
2469
791
2507
8522
6702
6065
6986
6664
6471
190
8542
2083
9302
4177
7310
1045
8813
97
4996
8667
4489
2097
6294
9235
8661
2254
3373
7472
3466
7455
8248
8197
1952
7934
3805
2745
8177
2426
4337
4950
229
6057
710
6180
2906
5887
286
5385
6918
4763
6606
8875
6570
8955
4864
4343
6904
7791
2950
7347
8311
701
2570
4666
4227
8102
7822
6972
807
6372
531
863
5832
4424
1553
2861
8057
8556
6143
7722
7331
1111
5416
7323
6236
3751
8886
5535
4966
1295
2033
7067
192
8063
5324
5637
8702
7320
3079
9689
2086
3268
1539
8138
1096
9168
2474
7952
121
4077
90
6606
2486
3058
8858
8907
6379
9917
5747
9863
621
3416
5320
3184
5664
712
3238
5994
3036
2062
3837
170
7879
801
2574
6567
8965
9041
9043
2102
412
3537
95
3264
1719
1806
8285
5670
3228
4694
9492
8841
8115
831
5147
7720
9108
6534
5791
7702
8955
3033
5597
3632
6168
3840
4187
9366
7945
2222
163
6523
7027
8034
2233
3350
7324
9287
5700
8043
1275
8823
4810
6475
322
4196
5543
6073
3950
8203
5789
5659
6025
3604
4524
3080
8850
5427
1197
6127
3578
1320
5106
3640
3747
3381
5551
6231
52
8319
1532
1291
2672
7489
9435
4323
4045
8796
4691
642
2538
5679
3395
2186
8546
8784
4882
1286
2022
4065
1999
2345
8807
599
2753
8885
3736
6287
491
4064
7658
3984
9305
7661
3322
5069
6265
6215
4914
9135
3852
8372
50
4998
5376
6626
5247
8098
9421
3258
7620
5251
1214
9280
683
8316
6591
9931
1195
3367
951
9691
6573
7469
9073
574
1885
395
8214
9229
354
3035
8091
3706
488
2766
5912
6123
3130
5024
7861
7029
3300
1986
3885
7480
948
9592
4250
9017
4473
2585
7687
8261
6896
775
6504
314
1099
6018
2868
8937
3585
72
3143
9603
9140
6279
1600
2112
6067
9234
7124
4033
9486
9439
7832
6252
7012
9470
8144
8604
9655
8050
5892
6636
6885
3251
8925
7207
1271
1521
7757
9335
6131
3925
5634
4049
4976
8803
7016
4564
8334
2664
5418
7251
7146
9075
1944
3406
4463
7316
7485
5741
4943
2317
6435
7915
2335
1546
7877
8180
7196
6346
5270
6990
4316
7455
4424
6195
2950
5570
6303
1798
8180
4524
3848
9653
7734
3419
7462
150
8262
8927
3406
414
1001
2937
4531
756
9973
9907
3361
4380
594
7860
6474
4538
6746
1914
8812
1547
7985
5679
9175
8786
1168
4692
3339
1111
1803
3467
5669
8591
6907
4896
9861
5607
208
7256
1006
7883
3175
5508
2052
964
9362
2924
3578
3305
4774
3625
9457
1468
7852
2200
7214
4219
2038
1769
6258
3640
9121
3119
943
778
7459
5764
2601
2862
7232
6087
6610
4702
5552
9721
8485
9400
3838
9128
9755
5111
2785
3270
2181
5694
6784
5475
1114
3108
3032
7702
5217
6179
7321
5327
7240
8620
6038
8764
8833
6142
6637
6851
2277
2307
8210
4122
531
6691
5211
4985
7033
2114
8530
9275
8109
310
4475
4390
2878
1572
8322
2066
6762
5364
3794
5006
2057
9647
7888
536
1329
9748
5562
7883
4634
245
1284
6270
7959
8440
553
5888
7774
3803
2285
1165
9357
2896
3845
3949
1284
49
7349
293
4877
1918
1452
696
8451
4643
5738
6488
2042
4634
2682
3329
8483
7041
4653
6217
1917
3445
3018
1186
6084
742
6216
8342
1113
2516
3823
2663
8666
5428
4589
9556
5981
1071
5089
8870
6348
5488
3965
2450
5485
4972
1525
6666
1080
1785
6281
2237
7288
2738
9310
6935
2670
363
2241
2987
5203
3731
3656
6579
7384
7352
569
9111
59
2717
2322
3846
5041
5576
5545
1396
1525
9993
4200
272
7141
761
2249
5054
5167
4076
7489
7116
2660
6978
1561
4053
6677
6439
6772
209
6036
1718
6445
3659
2446
9001
1961
6373
8564
958
5096
7767
2166
6926
8508
9163
7019
7403
135
3482
2928
5493
321
7721
748
2153
5760
3916
9473
6133
6286
6700
1238
2164
9179
9615
6733
9271
2624
3045
5253
3836
1695
5067
3640
5651
9237
5741
3520
449
526
6518
1749
899
794
5605
4188
6822
4124
7187
4407
6499
1011
9526
1299
5214
1988
7309
9901
9791
9185
377
7571
3197
72
5668
6539
1205
8669
4329
2621
4002
1882
9214
5861
4736
2245
6441
5175
2544
6167
4478
1660
4208
4740
694
9546
5911
7351
2514
5174
4077
1420
577
1892
8918
9315
7737
4620
2109
432
1543
8114
4921
1625
2033
6908
9461
6594
3170
979
505
219
9434
3537
7623
8016
8879
3408
3993
1883
349
1792
7787
7680
3071
8697
9191
2965
2675
5961
8030
4517
1489
121
9799
5862
1495
1719
4665
7504
1678
1310
9967
107
2036
6335
5216
8185
5233
7042
2087
6271
7029
1625
9212
5784
7582
4743
7837
3651
8827
7828
5802
3445
7039
3810
2447
1577
6165
4784
284
179
4662
4370
4294
2149
8368
7458
6262
7345
3049
4378
7746
9926
4130
141
871
9972
2192
7192
8209
7150
1192
2619
7157
3925
6865
6650
7784
373
4510
9763
650
408
466
8704
2341
8140
4054
4060
3178
6409
533
777
1907
585
8654
5881
3617
6897
5882
8997
2157
1055
6524
3111
1434
2479
348
5460
7082
9316
6544
9593
9197
4223
5289
3120
6455
899
9398
7772
4997
2281
5516
4646
6945
1777
2555
4330
9199
9247
1232
8546
6772
4638
9708
8082
2164
1524
1148
449
6291
461
1983
3480
8221
1498
9478
8610
3173
8313
464
3881
8664
8515
9681
1138
8049
7143
762
3111
6420
6118
1558
2121
3524
3312
3816
2789
7125
1689
7221
5388
1057
1192
8392
8982
5010
8224
2600
1909
5303
2838
5989
1111
8223
8779
3062
7750
4737
2770
4185
9870
6555
1617
490
4809
6195
8059
8644
1611
8944
7739
1060
4120
9629
4195
4634
6624
2124
7514
3504
8869
9473
8294
436
7150
7211
1110
1744
4241
2685
907
4785
4422
3978
1736
6451
1778
2268
6568
9580
30
4630
5846
9938
6409
9472
9768
2029
92
9245
6206
6487
8483
401
4575
8865
9294
6501
2009
3169
2054
4063
4329
4307
7850
5018
359
3464
8598
4984
3963
675
4916
8354
3789
9828
635
952
170
3964
4481
4552
5934
4311
1416
5578
548
259
3153
6871
2384
3540
2097
7065
1487
2100
866
8760
5493
2149
5805
5128
8748
7872
8257
2532
1849
6692
2270
3989
7637
2581
9153
1944
2549
686
1398
4107
3082
519
1623
3414
7508
5609
4329
6059
8085
240
9622
7690
4641
6616
3729
7896
2093
1529
994
251
8364
7483
5794
3969
9997
8445
6167
4093
154
1700
4103
7389
4784
7649
20
557
6583
8921
8232
8750
6853
6384
4054
567
8104
9297
2063
424
7889
7205
1514
3404
7756
685
4671
7209
8558
1179
623
3693
869
4997
9936
7880
5379
70
2591
7390
7753
9075
1030
7682
323
282
2266
5012
5642
1159
9741
9592
5920
8680
9172
8101
9731
3591
5508
5569
1652
9125
9018
7016
3819
2677
6048
7919
288
4211
2323
7091
4604
946
4590
9409
5876
9659
4513
7484
4716
7883
5745
5438
1946
3183
9318
8895
2219
8130
3170
5683
570
3650
5188
2041
7850
1333
2603
6376
3420
1454
5761
1988
8104
2560
1162
5085
9311
6987
7935
6693
9126
6088
4011
9051
2191
6594
144
4228
3500
561
7446
7118
4804
7784
6561
746
2994
4576
9564
3918
2361
3563
8192
3455
7528
1638
6471
595
6902
5251
262
387
5454
9358
6654
2143
430
8166
3070
1493
5863
8808
9764
8738
978
1191
154
4888
984
8759
6071
1674
4491
6801
7524
5886
9123
8619
7327
130
5194
1848
5235
3945
9729
2926
1365
4076
533
4743
4802
4433
3318
6733
3958
6098
5084
4014
9767
4045
8629
6249
5709
4831
9254
6558
3247
8890
1576
1145
1441
771
3049
3255
8256
7723
2366
9472
1753
6798
5728
6011
4486
762
7871
5212
2059
5451
4095
3215
4152
7835
5797
9512
1198
4132
3637
2805
5094
9417
3890
4788
8819
7053
6969
448
5590
1121
1329
4062
9895
3421
7872
2273
1153
8104
4666
1851
1914
467
7251
7011
2587
2930
789
8422
6031
6205
9822
1860
8811
7232
6247
5493
390
8278
4344
5496
3476
4275
8357
6752
1238
6800
3602
6142
2916
3523
1410
4929
6630
9867
586
9869
5421
9450
5027
4402
3107
2696
9365
9358
2168
2440
5849
6869
7000
2874
4988
5908
8272
7674
7873
8318
3564
9308
346
5132
3353
1253
2856
6327
2074
8303
7774
3465
9234
7633
6080
7311
8148
2083
8617
7438
9293
8957
5863
697
8726
8506
2042
8541
9387
5404
6323
4568
478
8302
6209
2339
9711
4179
999
6268
8035
951
6229
6930
6212
5360
7424
834
6849
1812
3765
3715
8243
4017
4270
5179
8654
1820
9477
9642
6342
5701
8506
8159
1101
9727
4948
7676
616
1014
9315
5543
1247
1229
8345
3129
9972
3776
9906
6748
3436
8622
2414
3587
323
1609
7614
6983
1654
1064
4653
8751
9420
3797
8909
1931
406
2801
9435
1087
9101
8856
9160
9107
8263
9743
2211
2997
8304
8151
9173
9603
2079
2273
6304
2625
182
5451
1362
9375
3521
5736
2186
2897
7615
7219
3802
8131
9626
7794
2449
7329
7092
730
3306
5635
6139
6206
7664
9172
2281
1452
5806
9820
2680
400
3942
9541
1062
2025
6238
927
7368
5433
6946
1828
5001
7566
4007
5331
4716
8158
8862
9563
6857
1826
9733
8561
3117
771
6404
7371
5457
9756
9766
6007
466
9683
5482
7748
4519
4032
5366
1189
1044
3359
2201
3148
4672
9509
3796
1897
1919
99
1909
1181
8793
1850
9423
468
6728
3925
784
1166
425
5334
1101
2192
5946
153
5098
6867
3234
8937
9174
148
5776
4836
1176
881
2679
9025
6033
8767
8082
8907
4477
8942
6979
2405
8867
941
3705
3814
1827
1233
4526
6549
1366
5487
4827
2106
5929
3899
2066
8200
5855
837
3388
4602
9729
6680
4921
7726
6087
6525
3157
4722
1873
7542
8302
5957
859
7644
8950
8780
5870
9853
6173
4164
5366
2060
8641
109
5457
7671
2414
9921
5975
1982
8250
1465
7804
3701
7649
3494
4112
8768
7055
2414
163
9919
4191
2652
5151
3404
9865
3371
4324
1877
356
3942
6453
5230
435
142
4668
1212
5640
3156
5152
8171
169
4846
5264
5578
9923
4086
787
138
4041
2456
7738
404
3361
4678
1649
3798
8180
3920
601
1472
142
6740
5132
8419
94
4714
8542
4562
3036
7848
4100
5492
5370
8816
9792
8310
4312
8576
9609
8841
9597
8143
2695
9199
9446
5253
1737
7517
588
1420
8099
731
9640
8987
6905
8376
1301
4349
4547
4178
367
6277
3451
5100
258
5188
8955
6217
8959
80
9068
2570
4346
3827
5107
6120
94
7926
6546
782
2380
1185
357
4860
7439
6571
3929
7510
3285
2939
1310
2068
6734
2255
845
8905
8177
7474
9860
7035
8725
2265
3896
6282
5027
757
584
5028
2063
7927
1214
3221
957
3009
4706
2985
7994
728
8839
7988
2148
2390
6114
3964
7618
8145
5093
5534
4473
3504
111
1439
402
2726
7665
5364
6489
9380
5645
9783
4812
8863
989
1677
2232
9646
3756
5061
6354
1475
1177
2013
5457
9228
1622
3712
5010
2681
8468
2234
2610
6314
5976
3342
4792
976
8266
4170
7844
2431
685
8874
2668
7605
2756
8535
1770
5057
9635
3079
4331
6884
5000
8814
5019
7471
152
5700
6241
5840
1067
7696
3744
2395
2944
5021
5975
551
4608
6313
3198
5892
351
1918
4204
785
4633
1958
724
3210
6203
9491
6497
7771
3259
1422
863
1231
5727
752
6056
1912
8373
3574
8696
592
8714
835
6237
5329
1145
7685
3174
1075
3530
5028
6077
5092
5987
2837
5998
2245
7234
6453
3841
238
5452
6687
1325
4737
3165
5586
899
4196
3984
77
6494
8996
2904
7303
8394
8990
1138
5877
1866
6853
174
8520
676
2460
1622
9791
8856
9618
6079
6550
7193
3734
2360
3453
9221
6605
4303
6850
2620
2376
2420
2630
1443
2253
2306
5055
57
1346
9767
6159
5855
6601
3415
3301
4231
4283
85
9675
2446
1181
2240
1439
5855
4187
1572
4768
3574
8485
6458
2938
9778
7677
9760
4423
8007
1445
8572
6647
7876
4643
7173
484
1863
8312
2704
9644
9459
7920
716
8522
3594
4372
4486
9348
958
7203
7830
7493
4838
8068
2066
9133
3340
8601
6797
4762
5315
4846
3732
9521
8518
2013
4590
7868
9082
8066
7046
6884
4033
7104
7719
7133
1235
3146
4028
4022
6258
2309
317
6347
3349
8217
4635
2451
79
650
6826
9194
6765
6779
1823
6064
831
7770
180
6047
9432
6323
7434
3283
3424
9922
2166
2361
4279
5596
6267
1325
7321
1264
4035
8626
7696
3253
9106
6104
3819
4951
8794
6866
3823
6239
9650
6990
6974
3575
2807
9796
4633
154
2127
5773
4796
5171
3249
9700
9879
2383
2881
165
4467
7043
3235
95
8440
6770
9246
6232
6179
5392
1131
5689
6498
3411
1474
1897
762
2662
211
2705
6588
2236
1874
8142
1156
383
5081
1079
4989
748
1835
9687
1304
3384
8497
6780
717
342
3674
2526
3335
4921
1745
7647
2956
7499
7779
2996
7066
8988
2235
4773
7188
9530
427
4893
8506
708
4918
2829
2187
9600
3401
9881
6334
9565
8376
1993
2559
923
7093
4695
7768
9185
2118
4437
5818
1842
9469
6986
4349
3741
1857
8793
3138
9010
3061
1170
5233
1758
8890
937
2628
1677
9210
3965
9431
4340
6737
4110
5867
9210
5960
5491
9711
9278
8847
242
8397
643
6632
8615
9990
6756
9535
2129
7478
3436
8340
7864
9600
6505
8011
2927
1361
574
4873
7639
5320
8147
7091
588
1904
2933
591
2060
2387
1943
7652
5876
3108
3936
2506
7591
5799
684
4391
8253
7210
8686
2839
8574
346
1832
2472
4580
2057
4470
877
7575
4482
8177
7273
6552
965
7006
954
3989
5154
7547
4430
668
1871
5475
4953
5356
7735
2659
4332
2649
9723
1957
1272
2442
3872
1228
8811
7732
6228
183
5262
3997
1414
8442
961
6446
7685
6009
7511
5775
5642
9640
8215
6084
8627
4314
6768
8609
461
8571
8433
4327
550
2252
8266
7452
7241
3801
7108
3060
1611
1726
7791
1536
6340
1391
6200
6089
7149
6968
8503
3915
213
3215
9996
5577
9235
8632
9893
7461
9756
8797
2608
8430
3687
7198
6609
1415
1838
8328
896
5029
4814
6877
7998
9938
7468
7655
3587
9278
1453
2005
219
6495
628
9159
4904
4427
1218
9936
1044
1049
5313
2132
8358
1767
3989
1164
5571
5138
6750
3781
4989
4904
6214
2885
231
9728
9496
8358
5019
4737
2898
4579
8878
5929
813
9017
1532
1037
468
2304
1487
580
9333
2577
4305
6570
3575
2395
3147
9881
2542
7340
3298
9247
3986
6515
3647
4877
7923
6919
6884
6279
4688
3687
6697
1577
8331
3983
555
691
1777
7418
3392
141
8636
8027
678
8984
2853
1543
3070
222
3327
1170
6140
6954
1387
3306
710
9419
7466
16
9661
3795
7988
120
9079
4827
2575
7953
8220
7529
1737
6183
6273
5885
3478
5225
612
2273
5233
6705
407
4103
2162
6814
6689
6377
1438
1327
9707
800
5712
2537
9548
6141
3226
8277
4294
3688
6514
2143
6132
8940
2442
5745
6797
6155
1854
4349
3719
2442
2968
9903
5337
7111
4419
4175
9524
6236
5352
6125
1507
6367
2180
5320
3268
9963
6279
8739
9061
1702
3399
8372
6098
791
5238
3231
4063
3881
2836
5165
1148
2380
820
7609
9663
1895
6952
788
5814
252
859
8196
7898
4510
8049
5494
1931
5574
9390
5205
8659
5380
2049
8617
2999
5141
3405
1197
418
8555
9020
6283
5348
4839
1014
5430
9285
9710
5468
1673
8458
7981
5250
7910
7818
1268
7648
348
4999
8969
2143
4010
7835
4243
7220
9096
7370
905
4516
7049
6374
1206
5839
3175
2585
2373
6297
4236
9898
857
2513
7891
1163
5798
6808
8201
6389
1216
300
7281
1374
2320
5020
9545
5774
3476
969
9918
4750
9795
6528
8126
6340
2200
6449
8090
3925
958
3001
3409
2653
9584
1235
2341
7861
984
9488
5870
2220
7289
7532
8270
2695
2719
635
6938
8106
2490
6028
4349
4929
7001
7928
9557
8692
7948
3428
4470
8005
5487
3654
8842
3871
1770
2818
1838
4089
7614
8913
284
4266
4413
606
451
4515
4804
2691
4968
5351
7363
8791
1931
529
8411
3108
392
3162
1411
7910
2495
8244
5704
2981
6495
6691
797
991
1238
1605
5587
9270
9431
3904
6278
1150
8573
6994
725
6845
5693
3993
1649
484
4241
2216
6030
9240
831
9941
1458
4208
4997
8592
839
2182
9546
7743
6906
9296
8981
8364
5725
9321
6777
5678
9545
6773
7799
7210
4207
1848
3669
1495
1577
6764
7760
6073
615
8979
9898
4017
5335
2549
8580
7496
6382
7375
3133
439
1796
7078
9116
3615
8586
2142
4461
3886
6053
5150
2065
683
9234
4267
1203
8510
6105
7412
2766
8189
805
2985
3525
5396
7631
7598
2459
2707
8996
8447
6211
5014
9905
1892
5600
7105
8021
5710
1836
8150
5033
3372
7266
4247
5294
3624
1287
1975
4159
4690
5360
4313
289
6770
9270
35
7918
2119
81
4596
6321
3915
5623
7875
89
4022
6921
5210
9792
9008
3019
2175
3614
3636
2931
2245
9131
5453
4690
2778
9582
134
7172
8666
2593
1158
4159
4180
7132
2758
4615
4479
1500
8324
7778
7431
4206
6738
2696
3670
7247
5092
3215
310
2074
1895
9024
2079
4576
8560
9533
9830
19
1918
9725
4829
8157
5517
1514
7601
9267
4539
4142
4483
6119
6190
4546
8053
1133
7636
5570
2594
1016
2281
1769
9942
5828
9377
8529
537
7270
2202
4747
1111
8676
1697
4565
6676
6859
4448
5321
6143
6812
3553
437
2639
2199
3814
3262
8114
5436
9154
9472
7008
5858
8925
118
5384
7531
4006
5531
2172
7768
6041
1448
7414
2291
4595
408
9
3050
8845
8378
4353
2729
7803
2098
7577
5518
4510
8188
4584
3790
8343
8559
5858
1469
4843
4739
4984
9187
5015
8615
8702
8470
3200
9655
6140
2771
9565
2131
4450
4236
9867
2111
4748
6920
423
4551
9418
7040
3131
6047
1659
2022
7295
6102
1775
1257
909
4027
6334
3555
1018
4647
3024
9106
5110
9697
6186
9707
9182
3862
8093
8683
8302
6842
9517
2880
1068
7800
6075
287
8593
2240
696
6725
6386
8335
4129
8429
64
7466
8153
1499
9649
5040
3608
7042
697
3682
5409
2027
7641
9063
3579
6772
9013
9197
6708
7333
870
300
1185
7834
9885
2155
3780
9841
884
9426
4247
9574
4372
3762
5352
472
2782
6198
5934
5542
8397
25
9452
5006
3891
966
998
4874
5564
5866
5358
5755
3285
894
186
9497
7725
3069
5912
6483
2124
4707
9849
8552
1618
976
8938
8723
8917
103
5801
3692
1955
5751
3445
3379
6971
4170
7591
3137
9196
562
9239
1805
811
2732
5396
566
3757
887
7673
1658
9239
6739
7561
4330
5778
5246
2492
2663
5444
7167
1892
3112
2762
2
6188
3998
920
6496
3003
2544
4181
8330
1325
9167
8439
8819
5143
1695
945
2861
100
5351
2803
8606
866
2158
7392
7635
1015
473
6913
9014
1324
8695
9911
1403
2082
6728
1382
8628
6427
2634
2854
6745
8478
7144
1162
6023
7581
3021
1828
8470
3791
8394
4855
63
7947
758
3394
3236
6548
1272
7200
9783
2374
1151
490
6846
884
6775
2556
2666
488
2092
5574
1407
7545
6942
8378
56
3323
5284
4465
918
3240
32
2857
4036
8797
455
3857
3410
1542
8129
3664
467
1851
6743
5185
5678
8569
877
5483
5433
1635
3760
9028
3273
1339
6759
6035
8922
4879
1767
6018
1352
5085
3419
9656
3710
9887
9275
4433
8178
776
4935
6892
4384
1388
6354
5114
1151
4817
683
8041
3193
2168
2657
9910
34
4896
8810
983
6728
6630
7467
2112
515
3305
7260
964
2477
6203
4959
1062
4205
6895
5161
4816
6032
6473
1767
8861
4276
8520
507
5571
9169
7406
5582
4486
6528
7908
9017
243
4827
1800
8352
534
6462
2423
8769
300
5440
8243
9894
1548
5708
7107
8626
4551
8271
729
7211
6367
5929
9199
9925
9868
9324
8074
4165
296
5284
6122
688
2330
4076
3291
1896
7806
7165
4914
158
7625
6445
6213
680
3642
157
3977
8387
5032
541
2527
5194
1483
8070
7628
1898
9239
6775
9140
9210
8746
7897
5067
1522
124
2046
3372
4602
4727
8391
4516
4305
9606
5944
9531
7368
1211
2999
3181
381
2524
6021
7622
233
5280
6750
1257
4700
2565
8592
323
1486
4139
6101
4055
218
3101
2791
2929
6480
2425
4536
9516
5938
5022
1409
5234
8323
2575
1593
3827
2442
4288
4745
9355
3665
7704
2608
7536
2150
9425
8018
3731
944
5307
5929
1112
3722
3004
4140
2009
257
7752
4607
1349
9349
6880
8222
7500
2046
2952
6726
7533
9852
9572
8533
323
6724
698
7068
3782
2565
1894
7325
5676
35
4122
7488
2692
2367
9278
9895
8012
9317
5882
8663
5110
818
2752
2963
9703
7184
2944
6078
2558
8780
5297
2933
1653
2756
939
1293
571
9794
8005
4171
3322
643
5052
6858
6322
516
4726
2403
8688
9680
5884
8216
3992
5233
9899
8972
1396
9259
3845
4310
5823
6638
9624
9056
1424
8445
7760
2326
7627
2980
2411
4558
3853
3346
5435
3083
6296
1081
7940
6082
9242
3252
7233
6055
544
6289
6816
2869
7696
1674
2522
8475
6199
1586
1112
4668
3950
2726
6837
1750
4037
3043
6549
2870
5402
6106
6914
5146
9783
1643
6775
6290
4194
5777
3279
7969
2406
9105
4708
4232
1540
8872
1970
4943
7191
3848
9358
7373
1021
1876
4924
7907
8659
6242
6887
1155
4713
2307
5649
7091
506
601
5297
3888
9562
2555
3515
9141
7051
3597
3777
4845
8115
4818
7477
5981
3732
4478
2619
642
826
8813
6601
7383
777
2804
7949
4882
9980
4377
9580
8070
7838
8026
7167
7151
6780
9447
349
7798
2467
3611
447
9713
3395
7311
9928
7584
1475
5923
3686
4124
6096
9538
6735
9942
4990
7438
5754
7470
7538
935
7121
2559
5544
1580
5044
7857
7479
8155
7281
6725
5
2297
9812
6839
851
6976
9029
9339
7950
7861
3330
8898
6493
3505
3890
4032
1927
2948
4646
9030
6421
8100
2722
6665
5147
362
6047
6209
1290
2136
8757
145
447
2284
1420
4003
5590
5213
9384
1613
4661
3943
2097
878
5799
558
5302
1648
6011
2837
5956
1856
2058
60
5998
2893
8510
7346
3802
8170
2302
8271
7766
5440
9067
1624
1816
7570
9127
4937
7510
8446
4080
3962
3701
6484
9796
2838
5338
83
7743
4639
6510
2904
3138
465
5906
6280
4687
1774
3310
4714
5284
5842
6828
9728
2359
8699
1830
9552
4009
1148
8895
5998
7591
7120
8352
9768
5563
1925
9261
4717
4150
5428
7228
3916
8673
7321
2677
6936
1473
1455
1167
2050
2302
4107
6189
9725
9027
5967
5938
8050
4741
2172
152
1377
5556
3790
8528
2807
7148
7390
5816
6786
7643
1612
126
7319
3977
9834
5905
8791
4634
9608
1222
8445
4428
1487
9570
3281
69
2162
164
9448
9761
3019
5333
9925
3385
9462
3351
151
208
9240
3160
9592
1764
5914
1957
7684
1706
3431
1236
6045
8829
3567
3038
5563
9782
8157
7167
6135
4564
5866
8148
8645
179
2118
7715
9721
1354
5081
4135
8319
9079
1798
5384
4270
1635
9769
8176
3886
6684
9909
8648
2243
1942
3600
1011
5781
7370
292
7560
6289
2912
446
8897
2610
7984
8739
4990
6736
3382
6263
7048
8694
949
3412
1310
3019
3723
1676
8132
7273
4818
2630
6939
4876
3428
2218
467
5158
7953
580
3122
4706
9986
2974
6489
8395
963
1107
5557
1170
4146
5395
2106
8967
8524
9750
3908
9811
6266
4085
2353
7117
3852
3351
8190
3155
2170
9098
1400
6393
7097
7642
2648
5268
47
6780
1693
7697
2837
994
1440
7943
3686
4894
9584
9721
3260
52
4516
3045
9456
2516
8676
6554
8522
905
3317
1818
3398
104
5584
6899
5061
7313
8842
2043
1914
4217
6485
354
4073
1993
984
3410
7524
8769
8193
9771
180
1842
7403
1700
6451
4620
4120
6376
416
696
7532
7766
2021
9981
9901
3931
3344
1235
2902
5928
7729
3732
2404
626
1326
9068
1224
912
5064
1134
7670
1274
1740
8274
3584
9427
6669
181
6079
950
7309
995
1192
2951
2494
1634
3429
4674
3731
2903
7866
6817
4529
522
9599
9983
4938
1819
4143
811
6165
3030
5059
2051
9047
8067
1507
1442
6716
9849
1334
3197
3661
4805
649
1278
9268
8489
3888
3403
1776
8316
3981
6024
7388
8968
3958
2237
5390
3054
3022
3221
1419
3829
3426
8719
1629
6397
8072
4915
5498
8750
982
8032
8309
6988
2097
1229
9707
8485
938
4368
2441
1277
5691
7334
409
425
6924
2614
5748
2549
8526
6483
1643
853
560
2944
3915
1075
6716
4228
8324
8916
9425
8968
5106
6551
7130
4005
8048
1623
8133
44
2832
7517
9288
5164
6893
7174
7781
2332
3508
5144
914
5787
4996
4739
9441
4585
4129
9650
3130
2751
4566
3790
4747
2179
3853
2536
8208
8582
6464
2308
3479
7234
5183
6256
5863
5914
739
9149
6662
2926
9325
2675
3748
9277
783
1317
9208
9238
6280
5397
789
368
4759
3256
6019
8232
7095
4813
2079
9657
9064
9779
2540
206
1172
1615
9282
4739
7066
1221
5871
5600
7551
3692
7032
9827
3671
712
1461
6341
4839
1555
8335
1974
987
9523
7558
6130
6850
2697
8366
5663
8761
212
7549
6343
1869
3496
1182
1159
5704
8622
9517
5626
9754
7459
1307
6918
3298
485
4454
2110
2428
1759
8595
6114
9960
5316
4262
7291
9862
9451
5470
4497
6619
1992
4411
7680
4593
8039
1891
5249
6441
4657
6933
6250
1385
8043
2422
7247
7841
4362
832
5173
2544
4115
2573
5690
699
8570
8501
5227
7970
7754
7815
1095
9447
4042
8176
2270
8291
3822
6017
8799
584
3308
165
3807
1142
8492
2349
6939
3188
3145
262
5477
9692
2091
427
2141
5977
7358
2913
5654
2559
8846
8665
4379
9148
4448
5157
2898
9759
6715
2375
6897
5398
4047
4130
9720
5403
4852
4499
5918
1591
9599
307
775
1483
3509
7934
2899
4959
6695
174
6404
3363
1284
3086
5330
3957
8259
7504
2568
8174
4667
193
1375
6395
8719
9831
3697
1957
9460
6960
251
2824
9038
1022
6189
3050
2574
3417
5776
1763
3891
6799
645
5793
1018
122
322
6853
4759
6549
6885
2699
4241
7193
8771
9696
4921
7600
8485
7804
1557
5495
7106
4804
7778
6357
466
8410
7982
7507
9152
1481
2739
6736
4872
5218
5723
8052
2700
9277
3307
9842
9067
7332
2580
5511
1786
5697
8176
1899
314
6758
2476
6703
602
6485
2318
8159
2527
4762
9555
3794
4397
7232
5469
6708
616
3287
4072
3869
545
9830
3263
7878
318
1031
936
4052
9349
3123
3741
9799
3759
6474
8167
8964
322
2938
1712
3117
8809
8947
1099
9715
6313
50
4548
5606
6404
5299
5589
7131
7536
8207
9866
6690
9849
3564
1751
2516
1954
2921
4337
2320
5354
1390
504
4524
4881
3179
9476
9816
63
2891
5852
1906
3645
8759
6154
531
5434
3141
8763
3120
3985
9787
1948
9944
4942
5897
9931
5294
3607
1443
2099
3511
4382
7297
3836
3453
3463
8904
3645
7630
176
7919
9080
8937
2850
1492
5700
9200
3124
5049
2096
9095
8160
6256
1663
3993
680
9013
6195
33
5653
3070
6063
4
6861
99
2966
3766
6037
140
8520
2065
4779
4401
5295
860
5937
4417
8965
7462
8214
8977
7500
9148
1236
9905
5551
9554
5259
8886
4361
5875
8405
7412
9674
6120
259
5075
6642
7540
1366
1694
9486
8188
5890
5726
1296
1490
3091
3263
495
764
7990
8934
7721
6408
315
9364
9152
5600
2250
47
1352
8157
3221
3725
9727
6291
5132
9943
8292
9621
3458
3596
8658
9364
6716
9191
7428
9321
9207
9006
1426
1539
1319
9896
3192
4123
3984
5501
1342
4554
5545
7060
5628
4437
3829
8212
4623
2309
9196
1130
8236
2662
8133
6760
8314
510
6781
6752
894
6344
1768
4944
5323
4591
7543
6034
861
4066
4929
9
9102
7074
9324
2173
1232
4655
4313
691
6186
6492
5857
4011
4866
4645
3844
8403
7782
4763
8543
616
3684
115
564
7786
2821
9740
2537
3858
239
3401
4056
70
3117
9532
3321
1976
8408
6153
5689
3554
1232
9715
6818
1747
5809
5573
7473
5728
8055
1452
289
1584
1763
2748
1009
9849
9697
6491
2455
4594
6079
4103
6423
4307
7905
5532
7054
8561
1405
1200
1083
4122
6993
8364
1675
5115
2256
1464
4039
7759
7773
4329
7637
9848
2592
1230
5486
252
4548
9213
6723
474
5424
641
1969
4925
5702
5875
1811
1541
2958
6168
735
8886
924
4347
6518
9469
2162
5713
4100
7354
1084
4224
7820
9045
4584
1834
7662
6938
8338
5967
2454
2497
6337
3107
7769
9298
2527
2280
5054
4905
6253
6450
461
4527
1321
5914
8035
3376
987
4477
9408
7416
8028
4477
2523
3141
7984
5227
7197
1841
1726
2358
8854
406
5825
2512
6943
742
6780
4746
825
8205
4207
3385
208
32
4253
9768
8429
9407
8127
1646
2930
9419
6296
1193
162
7925
8991
1040
5986
7842
7522
1576
6032
9408
3364
3195
2683
8449
5168
1562
3179
8048
1613
343
7551
5509
4736
7362
4029
5699
2921
6947
5827
3396
9585
